PAPER B SELECTION-SET EXHAUSTION / COVERAGE AUDIT
loaded=55375 map=29 cal=16612
duplicates dropped=2 | final eval=2498

====================================================================================================
ANTWERP max_gws=10
====================================================================================================
messages=2498 | selected appearances=10680 | distinct receivers=29
selection order: 14(1026) 69(967) 27(869) 32(767) 2(737) 9(726) 10(620) 11(546) 5(529) 18(495) 4(475) 20(459) 1(452) 6(297) 19(255) 17(246) 7(235) 12(230) 25(173) 34(151) 70(145) 15(111) 23(65) 37(59) 50(19) 33(10) 35(8) 71(7) 41(1)
  k    added      S(k)  exhausted      C(k)   delta C  top-k IDs
  1       14     9.61%          0     0.00%     0.00%  14
  2       69    18.66%          0     0.00%     0.00%  14,69
  3       27    26.80%          9     0.36%     0.36%  14,69,27
  4       32    33.98%        105     4.20%     3.84%  14,69,27,32
  5        2    40.88%        111     4.44%     0.24%  14,69,27,32,2
  6        9    47.68%        140     5.60%     1.16%  14,69,27,32,2,9
  7       10    53.48%        495    19.82%    14.21%  14,69,27,32,2,9,10
  8       11    58.60%        546    21.86%     2.04%  14,69,27,32,2,9,10,11
  9        5    63.55%        565    22.62%     0.76%  14,69,27,32,2,9,10,11,5
 10       18    68.18%        782    31.31%     8.69%  14,69,27,32,2,9,10,11,5,18
 11        4    72.63%        850    34.03%     2.72%  14,69,27,32,2,9,10,11,5,18,4
 12       20    76.93%       1055    42.23%     8.21%  14,69,27,32,2,9,10,11,5,18,4,20
 13        1    81.16%       1314    52.60%    10.37%  14,69,27,32,2,9,10,11,5,18,4,20,1
 14        6    83.94%       1437    57.53%     4.92%  14,69,27,32,2,9,10,11,5,18,4,20,1,6
MAX EXHAUSTION JUMP: k=7 | +14.21 percentage points | C=19.82%

====================================================================================================
ANTWERP max_gws=5
====================================================================================================
messages=2498 | selected appearances=9617 | distinct receivers=29
selection order: 14(1021) 69(943) 2(719) 9(709) 27(702) 32(662) 10(612) 5(518) 11(494) 18(470) 20(407) 1(401) 4(291) 6(268) 17(233) 19(213) 7(197) 12(176) 25(130) 70(108) 15(100) 34(85) 23(61) 37(54) 50(18) 33(9) 35(8) 71(7) 41(1)
  k    added      S(k)  exhausted      C(k)   delta C  top-k IDs
  1       14    10.62%          0     0.00%     0.00%  14
  2       69    20.42%          0     0.00%     0.00%  14,69
  3        2    27.90%          0     0.00%     0.00%  14,69,2
  4        9    35.27%          6     0.24%     0.24%  14,69,2,9
  5       27    42.57%         27     1.08%     0.84%  14,69,2,9,27
  6       32    49.45%        143     5.72%     4.64%  14,69,2,9,27,32
  7       10    55.82%        498    19.94%    14.21%  14,69,2,9,27,32,10
  8        5    61.20%        512    20.50%     0.56%  14,69,2,9,27,32,10,5
  9       11    66.34%        588    23.54%     3.04%  14,69,2,9,27,32,10,5,11
 10       18    71.23%        815    32.63%     9.09%  14,69,2,9,27,32,10,5,11,18
 11       20    75.46%        994    39.79%     7.17%  14,69,2,9,27,32,10,5,11,18,20
 12        1    79.63%       1252    50.12%    10.33%  14,69,2,9,27,32,10,5,11,18,20,1
 13        4    82.66%       1385    55.44%     5.32%  14,69,2,9,27,32,10,5,11,18,20,1,4
 14        6    85.44%       1565    62.65%     7.21%  14,69,2,9,27,32,10,5,11,18,20,1,4,6
MAX EXHAUSTION JUMP: k=7 | +14.21 percentage points | C=19.94%

CROSS-WINDOW TOP-7 CHECK
w10: 14,69,27,32,2,9,10
w5 : 14,69,2,9,27,32,10
same set=True | overlap=7/7

====================================================================================================
SIGFOX URBAN max_gws=10
====================================================================================================
messages=13163 | selected appearances=126838 | distinct receivers=65
selection order: 9(12110) 15(11693) 16(10313) 20(10209) 7(9465) 8(8807) 3(8588) 21(7604) 2(7204) 18(5823) 13(5717) 22(4041) 24(3909) 6(3717) 10(3109) 1(2581) 4(2515) 12(1902) 33(1374) 17(1150) 14(1021) 23(961) 11(544) 19(453) 27(361) 5(294) 37(196) 25(163) 40(144) 34(113) 43(112) 39(91) 30(81) 38(77) 26(72) 36(70) 35(58) 41(38) 32(22) 29(16) 44(14) 28(13) 47(13) 42(12) 45(10) 49(8) 46(7) 67(7) 58(5) 31(4) 59(4) 60(4) 50(3) 51(3) 55(2) 57(2) 48(1) 52(1) 53(1) 54(1) 56(1) 61(1) 66(1) 69(1) 77(1)
  k    added      S(k)  exhausted      C(k)   delta C  top-k IDs
  1        9     9.55%          0     0.00%     0.00%  9
  2       15    18.77%          0     0.00%     0.00%  9,15
  3       16    26.90%          0     0.00%     0.00%  9,15,16
  4       20    34.95%          1     0.01%     0.01%  9,15,16,20
  5        7    42.41%          4     0.03%     0.02%  9,15,16,20,7
  6        8    49.35%         11     0.08%     0.05%  9,15,16,20,7,8
  7        3    56.12%         17     0.13%     0.05%  9,15,16,20,7,8,3
  8       21    62.12%         24     0.18%     0.05%  9,15,16,20,7,8,3,21
  9        2    67.80%         62     0.47%     0.29%  9,15,16,20,7,8,3,21,2
 10       18    72.39%        203     1.54%     1.07%  9,15,16,20,7,8,3,21,2,18
 11       13    76.90%        684     5.20%     3.65%  9,15,16,20,7,8,3,21,2,18,13
 12       22    80.08%       1318    10.01%     4.82%  9,15,16,20,7,8,3,21,2,18,13,22
 13       24    83.16%       1954    14.84%     4.83%  9,15,16,20,7,8,3,21,2,18,13,22,24
 14        6    86.09%       2832    21.51%     6.67%  9,15,16,20,7,8,3,21,2,18,13,22,24,6
MAX EXHAUSTION JUMP: k=14 | +6.67 percentage points | C=21.51%

====================================================================================================
SIGFOX RURAL max_gws=10
====================================================================================================
messages=23467 | selected appearances=129067 | distinct receivers=87
selection order: 12(9478) 13(8819) 4(8679) 6(8334) 3(7867) 7(7526) 14(7138) 10(7136) 23(6246) 20(6199) 9(6174) 18(5291) 15(4187) 5(3591) 17(3112) 22(2875) 11(2855) 19(2491) 26(2307) 1(2257) 28(2195) 16(1921) 25(1452) 21(1122) 31(1073) 2(1021) 30(935) 27(823) 24(765) 8(697) 33(674) 41(484) 70(450) 76(341) 45(262) 32(226) 59(222) 29(186) 63(178) 68(167) 60(142) 34(138) 48(100) 38(99) 79(92) 90(68) 69(65) 72(61) 65(55) 36(49) 71(45) 73(40) 40(38) 132(34) 62(33) 43(31) 39(30) 44(24) 61(20) 103(19) 127(17) 37(14) 105(13) 49(12) 110(10) 126(9) 102(7) 89(7) 67(6) 87(6) 64(5) 54(3) 35(2) 46(2) 81(2) 92(2) 101(1) 107(1) 137(1) 47(1) 51(1) 56(1) 66(1) 75(1) 80(1) 83(1) 91(1)
  k    added      S(k)  exhausted      C(k)   delta C  top-k IDs
  1       12     7.34%          0     0.00%     0.00%  12
  2       13    14.18%          0     0.00%     0.00%  12,13
  3        4    20.90%         70     0.30%     0.30%  12,13,4
  4        6    27.36%         79     0.34%     0.04%  12,13,4,6
  5        3    33.45%        127     0.54%     0.20%  12,13,4,6,3
  6        7    39.28%        179     0.76%     0.22%  12,13,4,6,3,7
  7       14    44.81%       3001    12.79%    12.03%  12,13,4,6,3,7,14
  8       10    50.34%       3172    13.52%     0.73%  12,13,4,6,3,7,14,10
  9       23    55.18%       3509    14.95%     1.44%  12,13,4,6,3,7,14,10,23
 10       20    59.99%       4210    17.94%     2.99%  12,13,4,6,3,7,14,10,23,20
 11        9    64.77%       4288    18.27%     0.33%  12,13,4,6,3,7,14,10,23,20,9
 12       18    68.87%       5322    22.68%     4.41%  12,13,4,6,3,7,14,10,23,20,9,18
 13       15    72.11%       5732    24.43%     1.75%  12,13,4,6,3,7,14,10,23,20,9,18,15
 14        5    74.90%       6750    28.76%     4.34%  12,13,4,6,3,7,14,10,23,20,9,18,15,5
MAX EXHAUSTION JUMP: k=7 | +12.03 percentage points | C=12.79%
